1018212.4011
1208612.0630
2065565.7330
1967414.4784
1040402.3818
1209470.9707
1035100.3372
1031757.5645
1024203.9219
1075027.0313
1170724.6080
1208635.0833
1016365.4976
3247392.4221
3148811.4370
1039087.9290
1018513.5968
1034215.6150
1030443.1118
1214626.6041
1311613.1724
1741323.1147
1975212.6587
3157038.6066
1836790.6291
1761650.3336
1786076.3156
3157467.7838
1780034.0570
1778926.3567
1965496.7965
1981944.9916
2003206.8270
1887596.3538
3068991.9411
1450007.8204
1341130.4106
1692355.9342
3069850.8488
1687173.1367
1686065.4364
1877880.4916
1921024.7313
1941957.5840
1041911.1861
1040596.7119
1788545.5246
1691025.4720
1252768.1014
1041195.6039
1249283.3032
1266803.0671
1013724.9783
1059768.3606
1127782.4396
1209494.0040
1018513.6098
3247821.6123
3149670.3577
1039686.8340
1016963.8493
1033955.0590
1031471.7473
1215485.5248
1312472.0931
1275691.6135
1036367.8655
1035483.1218
1782503.9023
1685843.3107
1248848.0731
1035222.5527
1238364.2884
1261259.7464
1008181.6577
1056659.7014
1125851.4741
1032278.8571
1030964.3829
1782172.1889
1685511.5973
1267866.2647
1031993.0054
1262564.2202
1229721.5343
1011570.2168
1046433.2286
1121455.8172
1025565.2187
1215964.8806
2058912.1774
1960760.9228
1013577.4708
1216823.7883
1008275.4262
1011372.6209
997379.0110
1063623.9878
1149453.7967
1069061.0694
1305626.8432
2069388.4790
1999026.0334
1059062.6132
1306485.7509
1055077.3102
1045353.4394
1057079.1692
1040421.0502
1108077.0141
1162135.3128
1867370.1377
2079341.7211
2009081.9884
1126913.4643
1258171.9225
1122802.6054
1119285.2213
1132166.4861
1099287.3739
1110439.7512

