1018247.9980
1208647.6599
2236111.6801
1839479.9088
1024022.7574
1209506.5676
1024452.2234
1031791.4896
1017817.4403
1035049.1096
1061406.1972
1196288.0688
1208625.2025
1016355.6168
3417892.8915
3020831.3897
1022662.8270
1018503.7160
1023522.0235
1030431.5592
1208194.6448
1224996.5836
1251353.6712
1195356.1059
2501362.8255
3683332.4446
1811427.8887
1736289.3551
2183093.5512
3683757.3922
2183239.6907
2171587.7370
2494343.7135
1926589.3179
1932810.6143
1791801.4726
1780666.2163
2962061.8036
1559452.2072
1243052.1418
1624078.8642
2962920.7113
1624938.0607
1619100.8345
1773614.0810
1728695.8820
1734917.1785
1614661.5217
1024593.9949
1023234.0645
1899087.6201
1583958.0076
933479.0567
1023832.9565
934338.2533
951772.6684
1009690.3804
1016778.8115
1043467.8391
1131070.2837
1209484.1232
1018503.7290
3418322.0817
3021690.3104
1023261.7320
1016953.9685
1023261.4674
1031460.1947
1209053.5655
1225855.5043
1252212.5919
1196641.2310
1025023.4609
1024093.2610
1899087.3556
1584817.2041
934338.2533
1023832.6920
933908.2582
952202.1344
1010119.8464
1017208.2775
1043897.3051
1131929.4802
1032311.7467
1030951.8163
1893818.1920
1579548.0404
951681.8766
1031980.4388
952111.3426
921242.0877
1017408.1321
1014847.8475
1026471.3164
1138256.2061
1018278.2975
1208677.9594
2229741.2865
1833109.5153
1009580.0000
1209536.8671
1010009.4660
1017348.7323
1003374.6830
1020274.4123
1046963.4399
1196117.6235
1034402.9311
1224372.8625
2021139.3568
1820116.8955
1016063.2912
1225231.7702
1016492.7572
1014419.0903
1019499.3166
1007936.9256
997901.3187
1187321.6082
1053240.8310
1243210.7624
2028422.5313
1827400.0700
1034901.1911
1244069.6701
1035330.6571
1026249.8968
1038337.2165
998314.5264
1022301.7126
1216742.1806
1195961.5537
1195030.7441
1823844.0326
1616818.8695
1130490.7959
1196311.8966
1131348.2292
1137791.6089
1195544.1645
1212453.3724
1241293.7860
1275030.8389
