1574638.0751
2214017.5943
2741925.2043
2627928.9316
1754106.6256
2214876.5020
1754536.0916
1922599.2497
2421278.4729
2345727.5408
1967085.6322
1851562.2991
2196776.3270
1601243.3324
4097895.1688
3803407.7169
1986712.4789
1603391.4317
1987571.6754
1657318.2831
3243788.3837
2584864.4809
2183514.9647
1853625.1988
3091053.5688
4510072.7267
1811519.6425
1736381.1089
2043628.6984
4510497.6743
2043774.8378
2171680.1890
2446801.9972
1926680.4118
1932910.1220
1723542.9940
2679021.4372
3883447.1414
1559543.6035
1243143.4686
1673885.3272
3884306.0491
1674744.5237
1619193.6392
2003579.0150
1728787.2170
1735018.3317
1709003.3186
1759526.0230
1995059.8098
1761341.2116
1648233.2811
1597888.3801
1995658.7018
1598747.5766
1773836.3024
1651600.0334
1635855.5224
1043615.5127
1970897.0352
2197635.2339
1603391.4309
4098324.3452
3804266.6238
1987311.3701
1601841.6703
1987311.1056
1658346.9049
3244647.2906
2585723.3878
1723885.9160
1854910.3101
1759955.4890
1995919.0063
1761340.9471
1649092.4776
1598747.5766
1995658.4373
1598317.5816
1774265.7684
1652029.4994
1636284.9884
1044044.9787
1971756.2318
1913054.5302
1657843.0054
1893923.5144
1579653.3868
1767647.8021
1658871.6279
1768077.2681
1360616.1713
1709821.6499
1014964.5867
1026597.1381
1959698.7550
2412962.1217
3246418.7140
2049135.9973
1936285.4880
1645936.9355
3247277.6216
1646366.4015
1718171.0340
1553522.9834
1824156.6632
1047101.9479
2117916.3566
2456435.0385
2710145.7088
2021253.3245
1820230.8631
1651351.0050
2711004.6165
1651780.4710
1014534.4922
1956419.4582
1008051.6730
998025.3215
1578349.5594
2061836.1905
2278249.3136
2028543.5460
1827521.0850
1035024.2556
1843155.3998
1035453.7216
1026372.4472
1038460.1830
998435.6795
1022423.3679
1448154.1032
1850999.1339
1853202.3784
1747913.9727
1703976.3704
1967425.8326
1854483.5309
1968283.2660
1959377.7399
2113649.3790
1597476.3123
1469522.7933
2042741.7371
